pnts = [...
    0.25,     0,       0;
    .125,    .1,     -.1;
    .125,   -.1,     -.1;
    .125,   -.1,      .1;
    .125,    .1,      .1;
    -.75,      0,      0;
       0,     .5,      0;
    -.25,     .5,      0;
    -.25,    -.5,      0;
       0,    -.5,      0;
     -.5,    .25,      0;
    -.75,    .25,      0;
    -.75,   -.25,      0;
     -.5,   -.25,      0;
     -.5,      0,      0;
    -.75,      0,    -.25];

faces = [...
    1, 2, 3, NaN;
    1, 3, 4, NaN;
    1, 4, 5, NaN;
    1, 2, 5, NaN;
    3, 4, 6, NaN;
    2, 3, 6, NaN;
    2, 5, 6, NaN;
    4, 5, 6, NaN;
    6, 15, 16, NaN;
    11, 12, 13, 14;
    7, 8, 9, 10];
